== split-half Spearman rho :: baseaxis_N30_B100_s0.jsonl ==
   steps=50  splits/step=20
 step  rho_half  rho_full   solve   f_mean    f_std  degen
    0    +0.301    +0.463   0.250   0.2503  0.04370      0
    1    +0.364    +0.534   0.287   0.2867  0.04686      0
    2    +0.301    +0.463   0.275   0.2750  0.04455      0
    3    +0.204    +0.338   0.366   0.3657  0.04264      0
    4    +0.299    +0.460   0.288   0.2880  0.04385      0
    5    +0.225    +0.367   0.331   0.3313  0.04280      0
    6    +0.271    +0.426   0.308   0.3080  0.03894      0
    7    +0.063    +0.119   0.316   0.3160  0.03711      0
    8    +0.365    +0.535   0.304   0.3037  0.04764      0
    9    +0.436    +0.607   0.356   0.3560  0.04779      0
   10    +0.388    +0.559   0.343   0.3430  0.04845      0
   11    +0.526    +0.689   0.316   0.3163  0.05765      0
   12    +0.501    +0.667   0.334   0.3343  0.05931      0
   13    +0.501    +0.668   0.386   0.3860  0.05851      0
   14    +0.426    +0.598   0.384   0.3837  0.05206      0
   15    +0.220    +0.360   0.346   0.3463  0.04207      0
   16    +0.480    +0.649   0.341   0.3410  0.05528      0
   17    +0.194    +0.325   0.397   0.3967  0.03961      0
   18    +0.444    +0.615   0.352   0.3523  0.04958      0
   19    +0.243    +0.390   0.422   0.4217  0.04228      0
   20    +0.538    +0.699   0.492   0.4920  0.06436      0
   21    +0.169    +0.289   0.441   0.4410  0.03590      0
   22    +0.352    +0.520   0.401   0.4007  0.04582      0
   23    +0.364    +0.534   0.426   0.4257  0.05149      0
   24    +0.056    +0.105   0.351   0.3513  0.03433      0
   25    +0.105    +0.190   0.397   0.3973  0.02988      0
   26    +0.341    +0.509   0.377   0.3773  0.03872      0
   27    +0.402    +0.573   0.459   0.4593  0.04366      0
   28    +0.453    +0.623   0.360   0.3603  0.04557      0
   29    +0.252    +0.403   0.438   0.4380  0.04385      0
   30    +0.450    +0.621   0.510   0.5103  0.05174      0
   31    -0.097    -0.215   0.479   0.4787  0.02729      0
   32    +0.265    +0.419   0.438   0.4380  0.03544      0
   33    +0.316    +0.480   0.375   0.3747  0.04295      0
   34    +0.301    +0.463   0.530   0.5297  0.03710      0
   35    +0.231    +0.375   0.524   0.5243  0.04031      0
   36    +0.243    +0.391   0.456   0.4563  0.03060      0
   37    +0.010    +0.020   0.397   0.3973  0.03151      0
   38    +0.208    +0.344   0.474   0.4737  0.03638      0
   39    +0.329    +0.495   0.403   0.4033  0.03936      0
   40    +0.392    +0.563   0.494   0.4943  0.03801      0
   41    +0.141    +0.248   0.464   0.4640  0.03029      0
   42    +0.132    +0.233   0.511   0.5110  0.03310      0
   43    +0.059    +0.112   0.479   0.4793  0.03119      0
   44    +0.198    +0.330   0.491   0.4907  0.03162      0
   45    +0.419    +0.591   0.427   0.4267  0.04467      0
   46    +0.054    +0.102   0.476   0.4763  0.02915      0
   47    +0.355    +0.524   0.426   0.4260  0.03499      0
   48    -0.200    -0.498   0.603   0.6030  0.02397      0
   49    -0.096    -0.211   0.371   0.3713  0.02539      0
   rho_mean=0.2698  min=-0.1995  max=0.5377
   -> axis_probe/results/countdown_7b_N30_B100/baseaxis_N30_B100_s0_rho.json
