== split-half Spearman rho :: vanilla_N30_B100_s0.jsonl ==
   steps=100  splits/step=20
 step  rho_half  rho_full   solve   f_mean    f_std  degen
    0    +0.301    +0.463   0.250   0.2503  0.04370      0
    1    +0.315    +0.479   0.281   0.2810  0.04541      0
    2    +0.211    +0.348   0.284   0.2843  0.04185      0
    3    +0.340    +0.507   0.349   0.3493  0.05272      0
    4    +0.243    +0.390   0.292   0.2917  0.04282      0
    5    -0.014    -0.029   0.323   0.3233  0.03477      0
    6    -0.150    -0.354   0.302   0.3017  0.02865      0
    7    +0.210    +0.347   0.319   0.3193  0.04033      0
    8    +0.100    +0.181   0.298   0.2983  0.03652      0
    9    +0.467    +0.637   0.353   0.3527  0.05164      0
   10    +0.279    +0.436   0.341   0.3410  0.04036      0
   11    +0.372    +0.542   0.300   0.3000  0.04733      0
   12    +0.133    +0.235   0.310   0.3103  0.03886      0
   13    +0.514    +0.679   0.381   0.3810  0.05729      0
   14    +0.186    +0.314   0.363   0.3627  0.04203      0
   15    +0.527    +0.691   0.326   0.3260  0.05948      0
   16    +0.432    +0.603   0.330   0.3303  0.05313      0
   17    +0.267    +0.422   0.376   0.3760  0.03818      0
   18    +0.462    +0.632   0.332   0.3320  0.05062      0
   19    +0.293    +0.453   0.404   0.4040  0.04572      0
   20    +0.474    +0.643   0.474   0.4740  0.05637      0
   21    +0.351    +0.519   0.427   0.4273  0.03974      0
   22    +0.360    +0.530   0.372   0.3723  0.05352      0
   23    +0.353    +0.522   0.394   0.3943  0.04580      0
   24    +0.423    +0.595   0.333   0.3327  0.04358      0
   25    +0.174    +0.297   0.372   0.3720  0.03682      0
   26    +0.290    +0.450   0.362   0.3620  0.03851      0
   27    +0.205    +0.341   0.439   0.4390  0.04300      0
   28    +0.200    +0.333   0.334   0.3337  0.03954      0
   29    +0.335    +0.502   0.402   0.4023  0.05181      0
   30    +0.448    +0.618   0.486   0.4857  0.05463      0
   31    +0.484    +0.652   0.447   0.4473  0.05876      0
   32    +0.276    +0.433   0.390   0.3903  0.04401      0
   33    +0.263    +0.416   0.368   0.3680  0.04622      0
   34    +0.165    +0.282   0.513   0.5130  0.03579      0
   35    +0.391    +0.562   0.508   0.5083  0.04420      0
   36    +0.096    +0.176   0.411   0.4110  0.03176      0
   37    -0.051    -0.107   0.383   0.3827  0.03010      0
   38    +0.284    +0.442   0.458   0.4580  0.03961      0
   39    +0.435    +0.607   0.385   0.3853  0.05084      0
   40    +0.431    +0.602   0.456   0.4560  0.05004      0
   41    +0.257    +0.409   0.420   0.4197  0.03945      0
   42    +0.212    +0.350   0.483   0.4833  0.03806      0
   43    +0.287    +0.446   0.458   0.4583  0.04443      0
   44    +0.118    +0.212   0.455   0.4553  0.03324      0
   45    +0.390    +0.561   0.366   0.3663  0.04736      0
   46    +0.141    +0.246   0.425   0.4253  0.04072      0
   47    +0.314    +0.478   0.395   0.3947  0.03879      0
   48    +0.237    +0.383   0.543   0.5427  0.04033      0
   49    +0.454    +0.625   0.354   0.3543  0.04602      0
   50    +0.113    +0.203   0.440   0.4403  0.03851      0
   51    +0.264    +0.418   0.416   0.4163  0.03773      0
   52    +0.127    +0.225   0.435   0.4353  0.03658      0
   53    +0.239    +0.386   0.410   0.4100  0.03933      0
   54    +0.068    +0.127   0.439   0.4387  0.03324      0
   55    +0.359    +0.528   0.458   0.4580  0.04385      0
   56    +0.056    +0.105   0.522   0.5217  0.03569      0
   57    +0.050    +0.096   0.436   0.4363  0.03271      0
   58    +0.084    +0.155   0.478   0.4783  0.03760      0
   59    +0.422    +0.594   0.444   0.4443  0.04031      0
   60    +0.293    +0.454   0.354   0.3540  0.03527      0
   61    +0.276    +0.433   0.492   0.4923  0.03621      0
   62    +0.271    +0.426   0.501   0.5013  0.03792      0
   63    +0.021    +0.042   0.435   0.4347  0.03232      0
   64    +0.307    +0.470   0.524   0.5237  0.05102      0
   65    +0.303    +0.466   0.472   0.4717  0.04009      0
   66    +0.285    +0.444   0.445   0.4450  0.04072      0
   67    +0.416    +0.587   0.545   0.5453  0.04551      0
   68    +0.156    +0.271   0.481   0.4810  0.03487      0
   69    +0.429    +0.601   0.502   0.5020  0.04799      0
   70    +0.182    +0.307   0.502   0.5017  0.03707      0
   71    -0.051    -0.107   0.425   0.4250  0.03106      0
   72    +0.134    +0.236   0.476   0.4757  0.03041      0
   73    +0.155    +0.269   0.487   0.4873  0.03723      0
   74    +0.345    +0.513   0.466   0.4657  0.03721      0
   75    -0.052    -0.111   0.553   0.5533  0.02925      0
   76    +0.398    +0.569   0.469   0.4693  0.04669      0
   77    +0.190    +0.319   0.473   0.4727  0.03405      0
   78    +0.150    +0.261   0.442   0.4420  0.03544      0
   79    +0.247    +0.397   0.518   0.5177  0.04326      0
   80    +0.152    +0.265   0.497   0.4967  0.03893      0
   81    +0.349    +0.518   0.511   0.5107  0.03750      0
   82    -0.141    -0.329   0.472   0.4723  0.02753      0
   83    +0.086    +0.159   0.449   0.4493  0.03463      0
   84    -0.174    -0.422   0.470   0.4700  0.02422      0
   85    +0.104    +0.188   0.484   0.4843  0.03499      0
   86    -0.077    -0.167   0.514   0.5137  0.02983      0
   87    +0.266    +0.420   0.515   0.5153  0.03364      0
   88    +0.164    +0.281   0.460   0.4603  0.03526      0
   89    +0.231    +0.376   0.499   0.4987  0.03631      0
   90    +0.021    +0.041   0.459   0.4590  0.03102      0
   91    +0.085    +0.156   0.586   0.5857  0.03273      0
   92    +0.140    +0.245   0.563   0.5630  0.03551      0
   93    +0.344    +0.512   0.572   0.5720  0.04159      0
   94    -0.079    -0.171   0.464   0.4640  0.02551      0
   95    +0.387    +0.558   0.563   0.5630  0.04043      0
   96    +0.280    +0.438   0.516   0.5160  0.04096      0
   97    +0.017    +0.033   0.507   0.5073  0.02792      0
   98    -0.014    -0.028   0.598   0.5977  0.02777      0
   99    +0.203    +0.337   0.498   0.4977  0.03313      0
   rho_mean=0.2287  min=-0.1741  max=0.5274
   -> axis_probe/results/countdown_7b_N30_B100/vanilla_N30_B100_s0_rho.json
